0 10 18 4 10 0 16 11 4 15 0 15 6 8 5 1 14 1 19 13 6 0 0 3 12 7 2 9 12 1 13 17 
16 0 4 6 3 2 8 4 10 18 15 6 9 17 11 4 11 0 1 20 20 18 2 0 4 12 0 0 19 3 12 8 
13 18 0 1 11 12 7 11 11 7 19 13 3 10 18 15 12 9 1 4 19 11 18 15 19 0 2 4 12 7 0 12 
8 16 8 0 14 13 5 19 20 8 11 15 17 11 1 19 7 5 0 7 20 15 3 6 8 12 9 20 15 15 5 20 
2 12 19 2 0 5 20 13 9 19 12 10 6 8 6 14 18 10 5 16 17 20 8 6 12 5 0 9 10 0 20 0 
0 12 8 20 15 0 1 17 19 8 14 10 11 2 19 13 1 10 16 4 17 1 7 0 9 13 4 16 20 6 11 16 
16 18 3 12 14 4 0 10 16 16 16 15 13 3 13 9 20 1 3 10 19 1 2 8 18 5 13 13 6 14 19 7 
13 3 6 19 0 11 17 0 13 9 11 3 20 0 10 19 7 12 18 7 19 16 7 17 7 18 17 2 19 1 19 9 
18 11 11 19 1 4 8 20 0 15 18 16 19 1 16 4 1 17 2 1 3 8 7 8 12 4 20 16 11 20 4 3 
3 3 16 18 20 17 7 10 19 0 16 19 8 17 17 9 16 8 14 19 13 20 20 2 8 8 9 19 13 11 3 2 
13 17 7 18 17 17 8 0 11 18 0 2 6 9 3 15 0 2 9 12 11 1 2 14 11 10 9 6 12 18 12 17 
14 17 0 2 2 6 6 4 0 12 1 0 6 14 18 12 16 10 8 7 16 1 15 6 15 5 7 16 4 3 20 13 
5 9 20 3 15 0 5 11 15 0 6 12 0 20 6 9 11 16 10 4 5 10 2 17 18 7 13 11 6 16 20 14 
9 5 20 6 4 17 7 5 12 14 2 17 6 0 13 4 15 14 8 7 9 0 9 13 19 9 10 5 8 17 16 16 
12 12 5 12 9 20 15 4 13 6 6 17 8 15 0 15 17 5 20 14 6 7 1 6 3 9 10 5 14 16 11 13 
16 18 5 2 19 1 20 5 1 16 1 3 12 3 3 0 12 2 19 18 9 0 13 9 19 11 19 0 9 10 10 8 
19 9 0 16 4 4 12 2 16 13 8 15 15 5 11 6 0 12 7 7 13 12 18 3 13 2 9 18 14 20 1 8 
11 15 11 9 20 7 20 5 3 1 7 5 7 0 11 19 17 0 20 15 18 6 18 6 1 10 9 12 20 1 18 19 
15 14 7 4 19 12 6 17 10 11 6 16 14 20 11 8 18 6 0 3 20 2 13 6 2 12 0 9 18 2 17 14 
11 16 19 2 0 16 20 16 3 11 7 15 10 13 5 0 13 0 18 0 19 0 6 10 19 14 17 11 19 10 7 9 
5 5 7 17 14 8 12 8 20 2 12 12 13 12 4 17 6 2 18 1 0 4 0 9 17 10 4 13 18 18 6 0 
16 9 20 0 12 13 17 12 6 13 8 12 1 3 20 7 5 13 7 11 0 0 3 11 15 0 9 11 11 10 2 13 
10 20 10 8 1 13 13 1 1 11 8 10 10 16 20 16 2 16 16 3 19 16 0 19 12 14 5 12 2 17 12 14 
0 15 1 0 5 15 16 16 0 17 11 0 16 13 6 15 17 7 12 15 11 7 15 0 19 1 10 15 11 9 16 16 
5 5 11 12 6 7 10 14 14 16 18 18 9 17 4 4 8 7 16 9 11 15 5 4 0 17 19 12 20 11 10 0 
3 6 17 14 12 8 18 5 14 18 6 3 5 4 13 17 15 13 7 9 16 0 8 19 17 0 20 5 1 11 19 2 
18 14 14 6 15 5 3 1 7 2 7 15 1 5 6 12 16 3 14 6 4 6 13 7 9 10 0 2 10 11 7 1 
14 8 1 19 18 1 2 7 11 16 17 16 20 8 7 0 16 2 9 20 18 13 9 2 13 11 17 0 5 15 1 18 
8 3 13 13 1 18 4 19 17 1 17 12 13 14 8 2 18 11 12 8 11 16 4 6 8 19 4 20 0 2 20 15 
4 4 5 0 8 14 16 3 9 10 4 8 1 16 6 6 14 3 5 3 1 20 6 16 16 18 8 2 7 0 5 9 
4 12 17 13 8 18 16 7 6 19 8 20 5 4 19 3 12 4 10 5 12 12 0 20 11 5 4 4 13 15 0 5 
7 13 1 6 5 1 5 12 11 4 17 3 4 6 4 12 8 15 8 19 19 6 16 20 13 6 14 14 1 18 13 0 